org=load('data.txt')
x=org(:,1)
y=org(:,2)
X=[x.^2,x,ones(length(x),1)]
XX=X'*X
XY = X'*y
inv(XX)*XY

%XX
%   722666    44100     2870
%    44100     2870      210
%     2870      210       20

%inv(XX)
%   0.000056961  -0.001196172   0.004385965
%  -0.001196172   0.026623377  -0.107894737
%   0.004385965  -0.107894737   0.553508772

%XY
%   155275.23000
%     9928.75000
%      945.33000

%inv(XX)*XY
%     1.1143
%   -23.3952
%   133.0203
